672935513452650496
672935512202723329
672935515155484673
672935512202739713
672935513872080897
672935512613584896
672935514719322112
672935513867841536
672935511800061953
672935512643010560
672935514731880448
672935510109736960
672935511800029184
672935512190029824
672935513901371393
672935512223666176
672935513058369537
672935511355490306
672935514736054272
672935515130236928
672935513473613824
672935514291478528
672935512647335937
672935515142889472
672935515981783040
672935515138727936
672935513880416256
672935512223690752
672935514723516416
672935515977555968
672935516409466880
672935516828925953
672935514325032960
672935517260898304
672935516413759488
672935513469362176
672935517642743808
672935515583332352
672935517227454465
672935517244256256
672935515566571520
672935516812279809
672935516833259522
672935514727718917
672935513888690176
672935517642760192
672935516808085504
672935516405424129
672935516824862720
672935515969204224
672935515134533632
672935518519304192
672935516396904449
672935518087331841
672935518494171137
672935518519341056
672935516392812549
672935520192864256
672935521031741440
672935521035886592
672935519349776386
672935523095302144
672935519354003457
672935520163471361
672935521023303681
672935518926209024
672935517676298241
672935521434267648
672935521845420033
672935524789788677
672935519756656641
672935521849622529
672935520188547072
672935524378759168
672935522696867842
672935520616488960
672935520163356672
672935523128877057
672935525632901121
672935523552464896
672935522692673536
672935522705215490
672935527289643008
672935525192474624
672935519324606469
672935525196701696
672935528141033473
672935523942576132
672935523107905537
672935527709044738
672935524789694464
672935524781395968
672935525628645376
672935524789800960
672935523971956736
672935525616107520
672935526056525824
672935525645291520
672935527738380288
672935528136708096
672935528577294336
672935525611929600
672935526886866944
672935526895329280
672935528975704065
672935526060703745
672935528988299264
672935528975761408
672935531504934913
672935531924230144
672935530657652737
672935532347981824
672935529806036992
672935531496501249
672935534440878081
672935532343779328
672935532742254593
672935530666057728
672935533606273024
672935534000537602
672935533195100160
672935533602054144
672935535711752193
672935535715987458
672935534864519168
672935532322770944
672935539046227968
672935534029860865
672935535690690560
672935536122793985
672935534453530624
672935538224140288
672935537372737537
672935535678107648
672935536127057920
672935540312928256
672935534872936449
672935539457306624
672935542833725440
672935539906125825
672935539910311936
672935543680966658
672935541994881024
672935542410072064
672935540325490688
672935541587906561
672935540728156161
672935543244738560
672935540291993600
672935540308725760
672935541147586561
672935544494649344
672935539897667585
672935542833704960
672935541990629380
672935546201743360
672935543668363265
672935542816927746
672935545761349633
672935544494624768
672935542812708865
672935544083628033
672935544909877249
672935547866845186
672935547850137600
672935544943460354
672935544935026688
672935549112557569
672935549116747776
672935549959819264
672935549976584192
672935551201353728
672935553319350272
672935549964001281
672935552895852544
672935553747304450
672935556234481665
672935557106966528
672935557522194432
672935557488619520
672935554581987329
672935561720655876
672935559598350337
672935559610949632
672935559166201856
672935560026169344
672935560009408513
672935558767845376
672935561708072960
672935560017608704
672935562555228160
672935561301254144
672935561288687617
672935562114936833
672935565050978306
672935570105081856
672935567584284673
672935566736908288
672935566334365696
672935565906546688
672935571753459712
672935566317625345
672935573452169216
672935572206415872
672935573439541249
672935575138263040
672935578489384960
672935576782438400
672935580171436032
672935579315671040
672935578464317441
672935584759967750
672935583522676736
672935580586647553
672935580137873408
672935581815451649
672935582679568384
672935586014093312
672935586861293568
672935589805744128
672935588945862656
672935590623510529
672935591475077125
672935595254136833
672935592754311168
672935590648815616
672935591890321409
672935596952846336
672935598194298880
672935597347053569
672935599872061440
672935597779079170
672935599020593152
672935604083118081
672935604083105793
672935605756674051
672935615403565057
672935609514762240
672935615374237696
672935619144900608
672935620428345344
672935620860354560
672935618331152384
672935622932344832
672935625037758464
672935625859989505
672935622512934912
672935627130863617
672935635519332353
672935639285932032
672935638447038464
672935640573607936
672935634684805125
672935638048575490
672935638874898432
672935641378914305
672935641794158592
672935645178916864
672935640980410368
672935644755337216
672935645170565120
672935645988417538
672935653143928837
672935653554962434
672935654389497857
672935656923004931
672935653122949122
672935657753456640
672935659854831616
672935658609078272
672935658160287744
672935660672585728
672935662782390276
672935662350442497
672935663633891329
672935667400351745
672935669916934145
672935673683406848
672935676225183749
672935677462491136
672935681220583424
672935679580438528
672935681233145856
672935685448409089
672935686287269889
672935685838516224
672935686710824960
672935687532974080
672935689630167040
672935689630126080
672935692545208321
672935691312078849
672935692150964225
672935699289632768
672935704314408960
672935703475568641
672935702225625089
672935707254644740
672935709335011329
672935711016919040
672935710597496832
672935713114095616
672935714795991041
672935720256978944
672935727378931712
672935730310725632
672935728209387520
672935726963679240
672935726955237377
672935727378784256
672935730751012864
672935730717573122
672935732844056577
672935735767531524
672935735763292160
672935738296639488
672935742075719680
672935742902018049
672935741622722560
672935747091959808
672935743296286722
672935748333658112
672935748757299200
672935749180870656
672935749596094464
672935752108531713
672935754620780544
672935755073896448
672935753815601153
672935755484897281
672935764272001024
672935767241588742
672935767660994560
672935769330360321
672935767656808448
672935774359298048
672935776049606659
672935779367321600
672935779807666176
672935783590993921
672935781078560768
672935788628336641
672935788611530752
672935790725476352
672935791136514048
672935796568125444
672935806248484864
672935807913730048
672935806634332160
672935815476047872
672935817535315968
672935826364461062
672935826360242181
672935829724098560
672935830957121536
672935837705879553
672935841463984128
672935844400013312
672935841044537344
672935843149971456
672935849869340673
672935854034300928
672935852784381956
672935858224369666
672935855292567552
672935872518619136
672935871641972736
672935869553053696
672935874611380224
672935873357471744
672935872518561794
672935873739169792
672935875450437633
672935875840348160
672935880454070272
672935893477511169
672935896417742848
672935896807796737
672935898904969216
672935905209008128
672935915698958336
672935929116549120
672935924490231809
672935930366435330
672935927044554753
672935928281853956
672935930400022528
672935934564958208
672935933327622144
672935940030009344
672935937517551616
672935943817601025
672935951769985025
672935951753195522
672935960586375171
672935957239365633
672935961425256450
672935967695773696
672935968949862400
672935973567791108
672935974423298048
672935976944013312
672935978193915904
672935981968965632
672935978202497024
672935986180005888
672935987006332928
672935990797934593
672935995386560513
672935995411664900
672936002089050112
672936010498592769
672936008795729920
672936017184333827
672936020548132864
672936020967575552
672936021827452928
672936022242668544
672936039451918338
672936043205775360
672936045713952768
672936047802646528
672936052013813760
672936053276344322
672936054127751168
672936065007755265
672936067935416320
672936070061891584
672936070896599040
672936073840992259
672936076781232128
672936087262662656
672936086390312961
672936091452874752
672936093138989056
672936104010625024
672936103180111873
672936106975973377
672936110717145088
672936109895245826
672936114924187648
672936140941434884
672936145529999360
672936145542651904
672936147245473792
672936151838277632
672936150567280640
672936156464586752
672936162324037636
672936164853202944
672936172809768961
672936174906904580
672936177423556608
672936189989691393
672936191705161730
672936189159153664
672936192950804480
672936200479600640
672936199254900744
672936210977988608
672936213477728256
672936244096204800
672936249569746944
672936248303030273
672936253780836352
672936275993739264
672936281438048257
672936288165732354
672936292762693632
672936317081288706
672936315420282880
672936347695316992
672936363231223808
672936383804276736
672936405178322944
672936407267151878
672936405174247425
672936424883232769
672936446295154688
672936456332050432
672936471012052992
672936475235848192
672936487382614016
672936492822589440
672936492004700160
672936528075730945
672936544827809793
672936551547039746
672936552801116160
672936559541383173
672936569603497984
672936575471366152
672936580479328256
672936580898758656
672936608195346432
672936616982376448
672936618228060160
672936631247249413
672936654336757760
672936666898800640
672936676554076161
672936685370494976
672936701287903232
672936722678812673
672936748675133441
672936751212679168
672936761279016960
672936795668152320
672936818736779265
672936817478541315
672936828802957312
672936839712518144
672936848520519680
672936898445369344
672936955449970689
672936954221207553
672936971833069568
672936983551942657
672936992779337728
672936996160086017
672937039344435200
672937133737406464
672937142130053120
672937192008916998
672937239001755648
672937268345233409
672937265010778114
672937269200834561
672937280101838851
672937284291948544
672937294354120710
672937319553462274
672937347214798848
672937354747846657
672937378256932864
672937393360527360
672937415175221248
672937441603530753
672937481449394176
672937495282114560
672937505348423680
672937556917534721
672937560700674048
672937579172483072
672937614400495616
672937638303825920
672937661808553984
672937686131347456
672937695744782338
672937695329525760
672937739382358016
672937763294076928
672937781317009408
672937806088421376
672937819493507072
672937827064274946
672937873583316992
672937884928839682
672937952448655360
672937967548301312
672937972149391360
672938027933556737
672940599482314752
672940601172762624
672940657795686404
672940704750931968
672940740817719296
672940801651957760
672940830605357056
672940846111674368
672940906928930817
672940906933161985
672941002953326592
672941047421513728
672941074701139968
672941099434950656
672941208499564544
672941207673114625
672941242062274561
672941247074459649
672941258390679552
672941277294534657
672941333066027008
672941351525158913
672941372509315072
672941398073729024
672941483234877440
672941494131515392
672941569629028352
672941572141408257
672941706757672961
672941705511829504
672941790677377025
672942093065543681
672942379532312576
672942571241476096
672942596814200834
672942991489691648
672938032148955136
672938091720634368
672938132795498496
672938162587435010
672938223828664323
672938291759566849
672938672631603200
672938829909651456
672938904543035392
672939029957095424
672939446484996098
672939474578481153
672939505603715072
672939516936646656
672939767324155904
672939794159132672
672939905337696257
672940375909249024
672933001479782401
672933012414332933
672933111370502145
672933331160444928
672933566473510912
672933668411809792
672933744723034112
672934032875851778
672934284517224448
672934329002139649
672930515968741376
672931004164780032
672931317076459520
672931403869327361
672931809890578433
672932872743870464
672943918451851265
672944058537390081
672944264481869824
672945334868426753
672951201856638977
672951478680608768
672951830570074112
672952951711932416
672960241412231169
672950043792400385
672955283732168704
672945975309111297
672963276398059520
672964187409088512
673013796789723136
673021474895208448
